=== Correlation continuum (ρ-sweep) ===
Gaussian-copula corr(Rep,Lat)=ρ; R=2000; seeds=9; n=16,40
ScalarU = unit-weight linear (fair counterpart to uniform Borda)

--- n=16 ---
   rho   empRho   DMPE_iqm ScalarU_iqm Scalar_iqm RepOnly_iqm Clique_iqm     dPQ_SU      dPQ_S
 -1.00   -1.000     0.1939     0.2049     0.2046     0.2039     0.1169    -0.0110    -0.0108
 -0.75   -0.702     0.2076     0.2105     0.2075     0.1958     0.1292    -0.0029     0.0001
 -0.50   -0.477     0.1932     0.1933     0.1919     0.1815     0.1197    -0.0001     0.0013
 -0.25   -0.062     0.1578     0.1582     0.1559     0.1386     0.0993    -0.0004     0.0020
  0.00   -0.046     0.1270     0.1167     0.1123     0.0880     0.0785     0.0104     0.0147
  0.25    0.213     0.1217     0.1214     0.1162     0.0950     0.0831     0.0003     0.0055
  0.50    0.480     0.1187     0.1081     0.1014     0.0817     0.0829     0.0106     0.0173
  0.75    0.717     0.0973     0.0762     0.0667     0.0469     0.0721     0.0211     0.0306
  1.00    1.000     0.0791     0.0443     0.0279     0.0179     0.0647     0.0348     0.0512

--- n=40 ---
   rho   empRho   DMPE_iqm ScalarU_iqm Scalar_iqm RepOnly_iqm Clique_iqm     dPQ_SU      dPQ_S
 -1.00   -1.000     0.2150     0.2255     0.2244     0.2221     0.1204    -0.0104    -0.0094
 -0.75   -0.744     0.2461     0.2535     0.2516     0.2391     0.1375    -0.0074    -0.0055
 -0.50   -0.433     0.1919     0.1958     0.1919     0.1725     0.1153    -0.0039    -0.0000
 -0.25   -0.191     0.1703     0.1664     0.1620     0.1417     0.1008     0.0039     0.0083
  0.00   -0.034     0.1531     0.1432     0.1369     0.1128     0.0926     0.0099     0.0162
  0.25    0.206     0.1442     0.1335     0.1272     0.1034     0.0924     0.0107     0.0170
  0.50    0.494     0.1109     0.0936     0.0832     0.0596     0.0762     0.0173     0.0278
  0.75    0.709     0.0931     0.0736     0.0625     0.0401     0.0669     0.0194     0.0306
  1.00    1.000     0.0719     0.0396     0.0286     0.0133     0.0569     0.0323     0.0434

DONE in 4.628s
